264
336
384
384
480
240
48
288
288
168
288
120
480
336
288
168
456
720
288
696
96
120
288
480
360
504
336
672
408
384
384
288
744
408
288
456
480
432
144
48
288
240
384
216
312
216
216
216
216
360
288
264
600
192
240
192
456
264
288
96
240
456
360
888
384
528
504
360
672
336
336
96
456
408

192
336
384
456
408
384
144
480
288
600
432
312
144
120
504
504
144
144
288
96
24
216
312
192
384
384
192
168
408
168
192
216
408
360




336
360
360
432
192
576
456
600
312
192
240
600
240
192
72
96
744
816
144
216
168
408
672
168
384
240
312
312
288
312
504
360
192
528




528
168
192
192
408
216
744
360
360
216
336
216
648
120
312
408
408
408
72
120
72
360
144
96
264
96
120
168
120
168
216
384
96
240
96
216
144
360
264
360
216
240
192
432
288
144
240
168
192
264
384
792
264
384
624
120
432
384
216
24
288
600
216




288
480
384
120
144
96
840
168
168
120
192
504
192
480
360
240
264
432
216
360
240
216
432
216
768
192
240
120
264
216
72
192
288
456
648
192
192
96
144
216
216




432
312
120
240
192
864
624
240
192




528
192
816
72
120
96
816
240
288
864
216
840
360
648
528
216
624




360
576
120
216
96
240
96
264
96
288
192
192
816
144
576
72
168
336
336
360
144
240
648
504
576
72
192
432
168
168
360
360
864
216
216
72
96
96
192
480
720
192
840
96
216
192
336
264
96
96
792
312
408
192
384
216
240
624
216
192
192
144
96
384
192
312
528
120
792
264
48
96
96
168
336
168
288
264
168
144
168
528
792
360




792
864
192
216
864
528
192
168
168
120
192
120
264
120
816
600
840
216
768
720
840
144
552
192
744
168
96
216
432
264
120
288
432

